00100000
00010000
00000000
00000000
00100000
00010001
00000000
00001010
00100000
00010010
00000000
00101101
00100000
00001000
00000000
00000000
00100010
00111000
11111111
11111111
00000001
00011000
11001000
00101010
00000000
00000000
00000000
00000000
00000000
00000000
00000000
00000000
00010011
00100000
00000000
00110101
00000000
00000000
00000000
00000000
00000000
00000000
00000000
00000000
00100000
00001001
00000000
00000000
00000011
00001000
01111000
00100010
00000001
00101111
11001000
00101010
00000000
00000000
00000000
00000000
00000000
00000000
00000000
00000000
00010011
00100000
00000000
00100111
00000000
00000000
00000000
00000000
00000000
00000000
00000000
00000000
00000001
00101001
01100000
00100000
00000000
00000000
00000000
00000000
00000000
00000000
00000000
00000000
00000001
10001100
01100000
00100000
00000000
00000000
00000000
00000000
00000000
00000000
00000000
00000000
00000010
00001100
01101000
00100000
00000000
00000000
00000000
00000000
00000000
00000000
00000000
00000000
10001101
10110011
00000000
00000000
00000000
00000000
00000000
00000000
00000000
00000000
00000000
00000000
00000000
00000000
00000000
00000000
00000000
00000000
00000000
00000000
10001101
10110100
00000000
00000100
00000000
00000000
00000000
00000000
00000000
00000000
00000000
00000000
00000000
00000000
00000000
00000000
00000000
00000000
00000000
00000000
00000010
10010011
01110000
00101010
00000000
00000000
00000000
00000000
00000000
00000000
00000000
00000000
00010001
11000000
00000000
00001000
00000000
00000000
00000000
00000000
00000000
00000000
00000000
00000000
10101101
10110100
00000000
00000000
00000000
00000000
00000000
00000000
00000000
00000000
00000000
00000000
10101101
10110011
00000000
00000100
00000000
00000000
00000000
00000000
00000000
00000000
00000000
00000000
00100001
00101001
00000000
00000001
00000000
00000000
00000000
00000000
00000000
00000000
00000000
00000000
00001000
00000000
00000000
00001100
00000000
00000000
00000000
00000000
00000000
00000000
00000000
00000000
00100001
00001000
00000000
00000001
00000000
00000000
00000000
00000000
00000000
00000000
00000000
00000000
00001000
00000000
00000000
00000100
00000000
00000000
00000000
00000000
00000000
00000000
00000000
00000000
00100000
00000010
11111111
11111111
00100000
00001000
00000000
00000000
00100010
00101001
11111111
11111111
00000001
00101000
01010000
00101010
00000000
00000000
00000000
00000000
00000000
00000000
00000000
00000000
00010101
01000000
00000000
00101110
00000000
00000000
00000000
00000000
00000000
00000000
00000000
00000000
00000001
00001001
01011000
00100000
00000000
00000000
00000000
00000000
00000000
00000000
00000000
00000000
00000000
00001011
01100000
01000010
00000000
00000000
00000000
00000000
00000000
00000000
00000000
00000000
00000001
10001100
01101000
00100000
00000000
00000000
00000000
00000000
00000000
00000000
00000000
00000000
00000001
10101101
01101000
00100000
00000000
00000000
00000000
00000000
00000000
00000000
00000000
00000000
00000010
00001101
01110000
00100000
00000000
00000000
00000000
00000000
00000000
00000000
00000000
00000000
10001101
11010011
00000000
00000000
00000000
00000000
00000000
00000000
00000000
00000000
00000000
00000000
00000000
00000000
00000000
00000000
00000000
00000000
00000000
00000000
00010010
01110010
00000000
00010100
00000000
00000000
00000000
00000000
00000000
00000000
00000000
00000000
00000010
01110010
01111000
00101010
00000000
00000000
00000000
00000000
00000000
00000000
00000000
00000000
00010001
11100000
00000000
00001000
00000000
00000000
00000000
00000000
00000000
00000000
00000000
00000000
00100001
10001000
00000000
00000001
00000000
00000000
00000000
00000000
00000000
00000000
00000000
00000000
00001000
00000000
00000000
01000001
00000000
00000000
00000000
00000000
00000000
00000000
00000000
00000000
00100001
10001001
11111111
11111111
00000000
00000000
00000000
00000000
00000000
00000000
00000000
00000000
00001000
00000000
00000000
01000001
00000000
00000000
00000000
00000000
00000000
00000000
00000000
00000000
00000000
00001100
00010000
00100000
00000000
00000000
00000000
00000000
00000000
00000000
00000000
00000000
00001000
00000000
00000000
01110011
00000000
00000000
00000000
00000000
00000000
00000000
00000000
00000000